import networkx as nx
import matplotlib as plt
from SALib.analyze import sobol
import numpy as np
import math as calc
import cmath
import string
import pandas as pd
import itertools
from networkx.utils import not_implemented_for
from itertools import combinations, permutations
from collections import defaultdict
from random import sample
from collections import deque
from itertools import chain
from itertools import islice
from networkx.utils import not_implemented_for
import statistics
from random import randrange
import time
import threading
from SALib.sample import saltelli
from SALib.sample import morris as morris
from SALib.sample.saltelli import sample as ss
from SALib.analyze.sobol import analyze
from SALib.analyze.morris import analyze 
from SALib.analyze import morris as ma
from SALib.plotting import morris as mp
from SALib.test_functions import Ishigami
import numpy as np

CSS=[]

C1 =np.matrix('0 1 0 1 0 0 0 1 0 0 0 0 0 0 0 1 0 1 0 0 1 ; 1 0 0 1 0 1 1 1 0 0 0 1 0 0 0 1 1 1 0 0 1 ; 1 1 0 0 0 0 0 0 0 1 1 1 0 0 0 0 1 1 0 0 0 ; 1 1 0 0 0 1 0 1 0 1 1 1 0 0 0 1 0 1 0 0 1 ; 1 1 1 0 0 0 0 0 0 1 1 0 0 1 0 1 1 1 1 1 1 ; 1 1 1 1 1 0 0 1 1 1 1 1 1 1 1 1 1 1 1 1 1 ; 1 1 1 0 1 1 0 1 1 1 1 0 1 1 1 1 1 1 1 1 1 ; 1 0 0 1 0 1 1 0 0 0 1 1 0 0 0 1 1 1 0 1 1 ; 1 1 1 0 1 1 0 0 0 0 1 0 1 1 1 1 1 1 1 1 0 ; 0 0 1 0 1 0 0 1 1 0 1 0 1 1 1 1 0 1 1 1 0 ; 1 1 1 0 1 0 1 1 1 0 0 0 1 1 1 1 0 1 1 1 0 ; 1 1 0 1 0 1 0 1 0 0 0 0 0 1 1 0 1 1 0 1 1 ; 1 1 1 0 1 1 0 0 1 1 1 0 0 1 1 1 1 1 1 1 0 ; 1 1 1 0 1 1 1 1 1 1 1 1 1 0 1 1 1 1 1 1 1 ; 1 1 1 0 1 1 0 0 1 0 1 0 1 1 0 1 1 1 1 1 1 ; 1 1 0 1 0 1 0 1 0 1 0 0 0 0 0 0 0 1 0 1 0 ; 1 1 1 1 1 0 1 1 1 0 1 1 1 1 1 1 0 1 1 1 1 ; 1 1 1 0 1 0 1 1 1 1 1 1 1 1 1 1 0 0 1 1 1 ; 1 1 1 0 1 1 0 0 1 1 1 0 1 1 1 1 1 1 0 1 0 ; 1 1 1 1 1 1 0 1 1 1 1 1 1 1 1 1 1 1 1 0 0 ; 0 1 0 0 0 1 1 1 0 0 0 1 0 1 0 0 1 1 0 0 0')
C2 =np.matrix('0 1 1 1 0 0 0 0 0 0 1 0 0 0 0 1 0 1 0 0 0 ; 0 0 0 0 0 1 1 0 0 0 0 0 0 0 0 0 0 0 0 0 1 ; 1 1 0 0 0 1 1 0 0 0 0 0 0 1 0 0 0 0 0 0 1 ; 1 1 0 0 0 0 0 1 0 0 0 1 0 0 0 1 0 1 0 0 1 ; 1 1 0 0 0 0 1 0 0 0 0 0 0 1 0 1 0 1 0 1 1 ; 0 1 0 1 0 0 0 0 0 0 1 0 0 0 0 0 0 0 0 0 1 ; 0 1 0 0 0 0 0 0 0 0 0 0 0 0 0 0 0 0 0 0 1 ; 1 1 0 1 0 0 0 0 0 0 0 0 0 0 0 0 0 1 0 0 1 ; 1 1 0 0 0 0 0 0 0 0 0 0 0 1 0 0 0 1 0 1 0 ; 0 1 0 0 0 0 0 1 0 0 0 0 0 0 0 1 0 1 0 0 0 ; 1 1 0 0 0 0 1 1 0 0 0 0 0 0 0 0 0 1 0 0 0 ; 0 1 0 1 0 1 0 0 0 0 0 0 0 0 0 0 0 0 0 0 1 ; 1 1 0 0 1 0 1 0 0 0 0 0 0 1 0 0 0 1 1 1 0 ; 0 1 0 0 0 0 1 0 9 0 0 0 0 0 0 0 0 0 0 0 1 ; 1 1 0 0 1 1 0 0 0 0 0 0 0 1 0 0 0 1 1 1 1 ; 1 1 0 1 0 0 0 1 0 0 0 0 0 0 0 0 0 1 0 0 0 ; 0 1 0 0 0 1 0 0 0 0 0 0 0 0 0 0 0 0 0 0 1 ; 1 1 0 0 0 1 1 0 0 0 1 0 0 0 0 1 0 0 0 0 1 ; 1 1 0 0 0 0 0 0 0 0 0 0 0 1 0 0 0 0 0 1 0 ; 1 1 0 1 0 1 1 0 0 0 0 0 0 1 0 1 0 1 0 0 1 ; 0 1 0 0 0 1 1 0 0 0 0 0 0 0 0 0 0 0 0 0 0')
C3 =np.matrix('0 1 1 0 1 0 0 0 0 0 1 0 1 1 0 0 0 1 1 0 0 ; 1 0 1 1 1 1 1 1 0 0 1 1 1 1 0 0 1 1 1 0 1 ; 1 1 0 1 0 1 1 1 1 1 1 1 0 1 0 0 1 1 0 1 1 ; 0 1 0 0 0 1 1 1 0 0 0 0 0 0 0 0 0 0 0 0 0 ; 1 1 0 0 0 0 1 0 0 0 1 0 0 1 0 0 1 1 0 0 0 ; 0 1 0 1 0 0 1 0 0 0 0 1 0 1 0 0 1 0 0 1 1 ; 0 1 1 1 0 1 0 1 0 0 1 0 0 1 0 0 1 1 0 1 1 ; 0 1 1 0 0 0 0 0 0 1 1 0 0 1 0 0 0 1 0 0 1 ; 0 0 1 0 1 0 0 0 0 0 0 0 1 1 0 0 0 0 1 0 0 ; 0 1 1 0 1 0 1 1 0 0 1 0 1 1 0 1 0 1 1 1 0 ; 1 1 1 0 1 0 1 1 0 1 0 0 1 1 0 0 0 1 1 0 0 ; 0 1 0 1 0 1 1 1 0 0 0 0 0 1 0 0 0 1 0 0 1 ; 1 1 0 0 0 0 0 0 0 0 1 0 0 1 0 0 0 1 0 0 0 ; 0 1 1 0 1 1 1 1 1 1 1 1 1 0 1 0 1 1 1 1 1 ; 0 1 0 0 0 0 1 0 0 0 1 0 0 1 0 0 0 1 0 0 0 ; 0 0 0 0 0 0 0 0 0 1 1 0 0 1 0 0 0 1 0 0 0 ; 0 1 1 0 1 1 1 1 0 0 0 1 1 1 0 0 0 1 1 0 1 ; 0 1 1 0 1 0 1 1 0 1 1 0 1 1 0 1 0 0 1 0 0 ; 1 1 0 0 0 0 1 1 0 1 1 0 0 1 0 0 1 1 0 1 0 ; 0 1 1 0 1 1 0 0 0 0 0 0 1 1 0 0 0 0 1 0 0 ; 0 1 1 1 0 1 1 1 0 0 0 1 0 1 0 0 1 0 0 0 0')
C4 =np.matrix('0 1 1 1 1 0 0 1 0 1 1 0 1 0 0 1 1 1 1 0 0 ; 1 0 0 1 0 1 1 1 0 0 0 1 0 1 0 1 1 1 0 0 1 ; 1 1 0 0 0 0 0 0 0 0 0 0 0 1 0 0 0 0 0 0 0 ; 1 1 0 0 0 1 0 1 0 1 1 1 0 0 0 1 1 1 0 1 1 ; 1 1 0 0 0 0 0 0 0 0 1 0 1 1 0 0 0 1 1 0 0 ; 1 1 0 1 0 0 1 0 0 0 0 1 0 0 0 1 0 0 0 0 1 ; 0 1 0 0 0 1 0 0 0 0 0 0 0 1 0 0 1 1 0 1 1 ; 0 1 1 1 0 0 1 0 0 1 0 1 0 0 0 0 1 1 0 1 1 ; 0 0 1 0 1 0 1 0 0 0 0 0 1 1 0 0 0 0 1 0 0 ; 1 1 1 1 0 0 0 1 0 0 1 0 0 0 0 1 0 1 0 0 0 ; 1 1 0 1 1 0 1 1 0 0 0 0 1 1 0 0 0 1 0 0 0 ; 0 1 0 1 0 1 0 1 0 0 0 0 0 0 0 0 0 0 0 0 1 ; 1 1 1 0 1 0 0 0 0 0 0 0 0 1 0 1 0 1 1 1 0 ; 0 1 1 0 1 1 1 0 1 0 0 0 1 0 1 0 0 1 1 1 1 ; 1 1 0 0 1 0 0 1 1 1 0 0 1 1 0 1 0 1 1 1 0 ; 1 1 1 1 0 0 0 1 0 1 0 0 0 0 0 0 0 1 0 0 0 ; 1 1 0 1 0 1 1 1 0 0 0 1 0 1 0 0 0 1 0 0 1 ; 1 1 1 1 1 1 1 1 0 1 1 1 1 1 0 1 1 0 1 1 1 ; 1 1 1 0 1 0 1 0 0 1 1 0 1 1 0 1 0 1 0 0 0 ; 1 1 1 1 0 1 1 1 0 1 0 1 0 1 1 1 0 1 0 0 0 ; 0 1 0 1 0 1 1 1 0 0 0 1 0 1 0 0 1 1 0 1 0')
C5 =np.matrix('0 1 1 1 1 0 0 1 0 1 1 0 1 0 0 1 0 1 1 0 0 ; 1 0 1 1 1 0 1 1 0 1 0 0 1 1 0 1 1 1 1 0 1 ; 0 1 0 0 1 0 1 1 0 1 0 0 0 1 0 1 0 1 1 0 1 ; 1 1 0 0 0 1 1 1 0 0 0 0 0 0 0 0 0 1 0 0 1 ; 1 1 0 0 0 1 1 1 0 1 1 0 1 1 0 1 1 1 1 1 1 ; 0 1 0 0 0 0 1 0 0 0 0 1 0 1 0 0 1 0 0 0 1 ; 0 1 0 0 0 1 0 0 0 0 0 0 0 1 0 0 0 1 0 0 1 ; 1 1 0 1 0 0 1 0 0 0 1 0 0 0 0 1 0 1 0 0 1 ; 0 1 0 0 1 0 1 0 0 0 0 0 1 1 1 0 1 1 1 1 0 ; 0 1 0 0 0 0 1 1 0 0 0 0 0 0 0 1 0 1 0 1 0 ; 1 1 1 0 1 0 1 1 0 0 0 0 1 1 1 0 0 1 1 0 0 ; 0 1 0 0 0 1 1 1 0 0 0 0 0 1 0 0 0 1 0 0 1 ; 1 1 0 0 1 0 1 1 1 1 1 0 0 1 1 0 0 1 0 0 1 ; 0 1 0 0 0 1 1 0 0 0 1 0 0 0 0 0 0 1 0 0 1 ; 0 1 0 0 1 0 1 0 0 0 1 0 0 1 0 0 0 1 1 0 0 ; 1 1 0 1 0 0 0 1 0 1 0 0 0 0 0 0 0 1 0 0 0 ; 1 1 1 0 1 1 1 1 0 0 0 1 1 1 1 0 0 0 1 0 1 ; 0 0 0 0 0 0 0 0 0 0 0 0 0 0 0 0 0 0 0 0 0 ; 1 1 1 0 1 0 1 1 0 1 1 0 1 1 1 1 1 1 0 1 1 ; 0 1 0 0 0 1 1 1 0 1 1 0 1 1 1 1 0 1 1 0 0 ; 0 1 0 0 0 1 1 1 0 0 0 1 0 1 0 0 1 1 0 0 0')
C6 =np.matrix('0 1 0 0 0 0 0 0 0 0 0 0 0 0 0 0 0 1 0 0 0 ; 0 0 0 0 0 0 1 0 0 0 0 0 0 0 0 0 0 0 0 0 1 ; 0 0 0 0 0 0 1 0 0 0 0 0 0 1 0 0 0 0 0 0 0 ; 0 1 0 0 0 0 0 1 0 0 0 0 0 0 0 0 0 0 0 0 1 ; 0 0 0 0 0 0 1 0 0 0 0 0 0 1 0 0 0 0 0 0 1 ; 0 0 0 0 0 0 0 0 0 0 0 0 0 0 0 0 0 0 0 0 1 ; 0 1 0 0 0 0 0 0 0 0 0 0 0 1 0 0 0 0 0 0 1 ; 0 0 0 0 0 0 1 0 0 0 0 0 0 0 0 0 0 0 0 0 1 ; 0 0 0 0 0 0 0 0 0 0 0 0 0 1 0 0 0 0 0 0 1 ; 0 0 0 0 0 0 1 0 0 0 0 0 0 0 0 0 0 1 0 0 0 ; 0 0 0 0 0 0 1 0 0 0 0 0 0 0 0 0 0 1 0 0 0 ; 0 0 0 0 0 1 1 0 0 0 0 0 0 0 0 0 0 0 0 0 1 ; 0 0 0 0 1 0 0 0 0 0 0 0 0 1 0 0 0 0 1 0 0 ; 0 0 0 0 0 0 1 0 0 0 0 0 0 0 0 0 0 1 0 0 1 ; 0 0 0 0 0 0 0 0 0 0 0 0 0 1 0 0 0 1 0 0 1 ; 0 1 0 0 0 0 0 0 0 0 0 0 0 0 0 0 0 1 0 0 0 ; 0 0 0 0 0 1 1 0 0 0 0 0 0 0 0 0 0 0 0 0 1 ; 0 0 1 0 0 0 1 0 0 0 0 0 0 1 0 0 0 0 0 0 1 ; 0 0 0 0 1 0 1 0 0 0 0 0 0 1 0 0 0 0 0 0 0 ; 0 0 0 0 0 0 1 0 0 0 0 0 0 1 0 0 0 0 0 0 1 ; 0 0 0 0 0 0 1 0 0 0 0 0 0 0 0 0 0 0 0 0 0')
C7 =np.matrix('0 1 0 1 0 0 0 1 0 0 1 0 0 0 0 1 1 1 0 0 0 ; 1 0 1 1 0 1 1 1 0 0 1 1 0 1 0 1 1 1 0 0 1 ; 0 0 0 0 0 1 1 0 0 0 1 0 0 1 0 0 1 1 0 0 1 ; 0 1 0 0 0 1 0 1 0 0 0 0 0 0 0 0 1 1 0 0 0 ; 0 1 0 0 0 1 1 0 0 0 1 0 0 1 0 0 1 1 0 0 0 ; 0 1 0 1 0 0 1 0 0 0 0 0 0 1 0 0 1 0 0 0 1 ; 0 1 0 0 0 1 0 0 0 0 1 1 0 1 0 0 1 1 0 0 1 ; 0 1 0 1 0 0 1 0 0 0 1 0 0 0 0 0 1 1 0 0 1 ; 0 1 0 0 0 1 1 0 0 0 1 0 0 1 0 0 1 1 0 0 0 ; 0 0 0 0 0 1 0 0 0 0 0 0 0 0 0 0 1 1 0 0 0 ; 0 1 0 0 0 1 1 0 0 0 0 0 0 1 0 0 1 1 0 0 0 ; 0 0 0 1 0 1 0 1 0 0 0 0 0 0 0 0 1 0 0 0 1 ; 0 0 0 0 0 1 1 0 0 0 1 0 0 1 0 0 1 1 0 0 0 ; 1 1 1 1 1 1 1 1 1 1 1 1 1 0 1 0 1 1 1 1 1 ; 0 0 0 0 0 1 0 0 0 0 0 0 0 1 0 0 1 1 0 1 0 ; 1 1 0 1 0 1 0 1 0 1 0 0 0 0 0 0 1 0 0 1 0 ; 0 1 0 0 0 0 1 0 0 0 0 0 0 1 0 0 0 1 0 0 1 ; 1 1 1 1 0 1 1 1 0 1 1 0 0 1 0 1 1 0 0 1 1 ; 1 1 0 0 0 1 1 0 0 0 0 0 0 1 0 0 1 1 0 0 0 ; 0 1 0 0 0 1 0 0 0 0 0 0 0 1 0 0 1 1 0 0 0 ; 0 1 0 0 0 1 1 1 0 0 0 1 0 1 0 0 1 0 0 0 0')
C8 =np.matrix('0 1 1 0 0 0 0 0 0 1 1 0 0 0 0 1 0 1 0 0 0 ; 0 0 0 0 0 0 1 0 0 0 0 0 0 1 0 0 0 0 0 0 1 ; 1 1 0 0 0 0 0 0 0 1 1 0 0 1 0 0 0 1 0 0 0 ; 1 1 0 0 0 0 0 1 0 1 0 1 0 0 0 0 0 1 0 0 1 ; 0 1 1 0 0 0 1 0 1 0 0 0 1 1 0 0 0 0 1 0 1 ; 0 1 0 0 0 0 1 0 0 0 0 1 0 1 0 0 0 0 0 0 1 ; 0 1 0 0 0 0 0 0 0 0 1 0 0 1 0 0 0 1 0 0 1 ; 0 1 0 1 0 1 1 0 0 1 1 0 0 0 0 0 0 1 0 0 1 ; 0 1 1 0 1 0 1 0 0 0 0 0 0 1 0 0 0 1 1 0 1 ; 0 1 1 0 0 0 1 0 0 0 0 0 0 0 0 1 0 1 0 0 0 ; 0 1 1 0 0 0 1 0 0 0 0 0 0 1 0 0 0 1 0 0 0 ; 0 1 0 1 0 1 0 0 0 0 0 0 0 0 0 0 0 0 0 0 1 ; 0 1 1 0 1 0 1 0 1 0 1 0 0 1 0 1 0 1 1 0 0 ; 0 1 1 0 1 0 1 0 1 0 0 0 1 0 0 0 0 1 1 0 1 ; 0 1 0 0 1 0 1 0 0 0 1 0 0 1 0 1 0 1 1 0 0 ; 1 1 0 1 0 0 0 0 0 1 1 0 0 1 0 0 0 1 0 0 0 ; 0 1 0 0 0 1 1 0 0 0 0 1 0 0 0 0 0 0 0 0 1 ; 0 1 0 0 0 0 1 0 0 1 1 0 0 1 0 0 0 0 0 0 0 ; 0 1 1 0 1 0 1 0 1 0 1 0 0 1 0 0 0 1 0 0 0 ; 0 1 1 0 1 0 1 0 1 0 0 0 0 1 0 1 0 1 0 0 0 ; 0 1 0 0 0 1 1 0 0 0 0 0 0 1 0 0 0 0 0 0 0')
C9 =np.matrix('0 1 1 0 1 0 0 1 1 1 1 0 1 0 1 0 0 1 1 0 0 ; 1 0 1 1 1 0 1 1 1 0 0 0 1 1 1 0 0 1 1 0 1 ; 1 1 0 0 0 0 1 0 1 1 1 0 0 1 0 0 0 1 0 0 0 ; 1 1 0 0 0 1 0 1 0 0 0 0 0 0 0 0 0 0 0 0 0 ; 1 1 0 0 0 0 1 0 0 0 1 0 0 0 0 0 1 0 0 1 0 ; 0 0 0 1 0 0 0 1 1 0 0 1 0 0 0 0 0 0 0 0 1 ; 0 1 1 0 1 0 0 0 1 0 0 0 0 1 1 0 0 1 1 0 1 ; 0 1 0 0 0 0 0 0 1 0 0 1 0 0 0 0 0 0 0 0 1 ; 1 1 0 0 0 1 1 1 0 1 1 1 0 1 0 1 1 1 0 0 1 ; 0 0 1 0 1 0 0 0 0 0 0 0 1 0 0 0 0 1 1 0 0 ; 0 1 1 0 1 0 1 0 0 0 0 0 1 1 1 0 0 1 1 0 0 ; 0 0 0 1 0 1 0 0 0 0 0 0 0 0 0 0 1 0 0 0 1 ; 1 1 0 0 1 0 1 0 1 0 1 0 0 1 0 0 0 1 1 0 0 ; 0 1 0 0 0 0 1 0 1 0 1 0 0 0 1 0 0 1 0 1 1 ; 0 1 0 0 0 0 1 0 1 0 1 0 0 1 0 0 0 1 0 1 0 ; 1 1 0 1 0 0 0 0 0 1 0 0 0 0 0 0 0 0 0 0 0 ; 0 1 0 0 1 1 0 0 0 0 0 1 1 1 0 0 0 0 1 0 1 ; 0 1 0 0 0 0 1 0 1 0 1 0 0 1 0 0 0 0 0 1 0 ; 1 1 0 0 0 0 1 0 0 0 1 0 0 1 0 0 0 1 0 1 0 ; 0 1 0 0 1 0 1 0 0 0 1 0 1 1 1 0 0 1 1 0 0 ; 0 1 1 0 0 0 1 0 0 0 0 0 0 1 0 0 1 0 0 0 0')
C10=np.matrix('0 1 1 0 1 0 0 1 1 1 1 0 1 0 1 0 0 1 1 0 0 ; 1 0 1 1 1 0 1 1 1 0 0 0 1 1 1 0 0 1 1 0 1 ; 1 1 0 0 0 0 1 0 1 1 1 0 0 1 0 0 0 1 0 0 0 ; 1 1 0 0 0 1 0 1 0 0 0 0 0 0 0 0 0 0 0 0 0 ; 1 1 0 0 0 0 1 0 0 0 1 0 0 0 0 0 1 0 0 1 0 ; 0 0 0 1 0 0 0 1 1 0 0 1 0 0 0 0 0 0 0 0 1 ; 0 1 1 0 1 0 0 0 1 0 0 0 0 1 1 0 0 1 1 0 1 ; 0 1 0 0 0 0 0 0 1 0 0 1 0 0 0 0 0 0 0 0 1 ; 1 1 0 0 0 1 1 1 0 1 1 1 0 1 0 1 1 1 0 0 1 ; 0 0 1 0 1 0 0 0 0 0 0 0 1 0 0 0 0 1 1 0 0 ; 0 1 1 0 1 0 1 0 0 0 0 0 1 1 1 0 0 1 1 0 0 ; 0 0 0 1 0 1 0 0 0 0 0 0 0 0 0 0 1 0 0 0 1 ; 1 1 0 0 1 0 1 0 1 0 1 0 0 1 0 0 0 1 1 0 0 ; 0 1 0 0 0 0 1 0 1 0 1 0 0 0 1 0 0 1 0 1 1 ; 0 1 0 0 0 0 1 0 1 0 1 0 0 1 0 0 0 1 0 1 0 ; 1 1 0 1 0 0 0 0 0 1 0 0 0 0 0 0 0 0 0 0 0 ; 0 1 0 0 1 1 0 0 0 0 0 1 1 1 0 0 0 0 1 0 1 ; 0 1 0 0 0 0 1 0 1 0 1 0 0 1 0 0 0 0 0 1 0 ; 1 1 0 0 0 0 1 0 0 0 1 0 0 1 0 0 0 1 0 1 0 ; 0 1 0 0 1 0 1 0 0 0 1 0 1 1 1 0 0 1 1 0 0 ; 0 1 1 0 0 0 1 0 0 0 0 0 0 1 0 0 1 0 0 0 0')
C11=np.matrix('0 1 1 0 1 0 0 1 1 1 1 0 1 0 1 0 0 1 1 0 0 ; 1 0 1 1 1 0 1 1 1 0 0 0 1 1 1 0 0 1 1 0 1 ; 1 1 0 0 0 0 1 0 1 1 1 0 0 1 0 0 0 1 0 0 0 ; 1 1 0 0 0 1 0 1 0 0 0 0 0 0 0 0 0 0 0 0 0 ; 1 1 0 0 0 0 1 0 0 0 1 0 0 0 0 0 1 0 0 1 0 ; 0 0 0 1 0 0 0 1 1 0 0 1 0 0 0 0 0 0 0 0 1 ; 0 1 1 0 1 0 0 0 1 0 0 0 0 1 1 0 0 1 1 0 1 ; 0 1 0 0 0 0 0 0 1 0 0 1 0 0 0 0 0 0 0 0 1 ; 1 1 0 0 0 1 1 1 0 1 1 1 0 1 0 1 1 1 0 0 1 ; 0 0 1 0 1 0 0 0 0 0 0 0 1 0 0 0 0 1 1 0 0 ; 0 1 1 0 1 0 1 0 0 0 0 0 1 1 1 0 0 1 1 0 0 ; 0 0 0 1 0 1 0 0 0 0 0 0 0 0 0 0 1 0 0 0 1 ; 1 1 0 0 1 0 1 0 1 0 1 0 0 1 0 0 0 1 1 0 0 ; 0 1 0 0 0 0 1 0 1 0 1 0 0 0 1 0 0 1 0 1 1 ; 0 1 0 0 0 0 1 0 1 0 1 0 0 1 0 0 0 1 0 1 0 ; 1 1 0 1 0 0 0 0 0 1 0 0 0 0 0 0 0 0 0 0 0 ; 0 1 0 0 1 1 0 0 0 0 0 1 1 1 0 0 0 0 1 0 1 ; 0 1 0 0 0 0 1 0 1 0 1 0 0 1 0 0 0 0 0 1 0 ; 1 1 0 0 0 0 1 0 0 0 1 0 0 1 0 0 0 1 0 1 0 ; 0 1 0 0 1 0 1 0 0 0 1 0 1 1 1 0 0 1 1 0 0 ; 0 1 1 0 0 0 1 0 0 0 0 0 0 1 0 0 1 0 0 0 0')
C12=np.matrix('0 1 0 1 0 0 0 0 0 0 0 0 0 0 0 1 0 1 0 0 0 ; 0 0 0 1 0 1 1 0 0 0 0 1 0 1 0 0 0 0 0 0 1 ; 0 0 0 0 0 0 0 0 0 0 0 0 0 1 0 0 0 0 0 0 0 ; 0 1 0 0 0 0 0 1 0 0 0 0 0 0 0 0 0 0 0 0 1 ; 0 1 0 0 0 0 1 0 0 0 0 1 0 1 0 0 0 1 1 0 1 ; 0 1 0 0 0 0 1 0 0 0 0 1 0 0 0 0 1 0 0 0 1 ; 1 0 1 1 1 1 0 1 1 1 1 1 1 1 1 1 1 1 1 1 1 ; 1 1 0 1 0 1 1 0 0 0 0 1 0 0 0 0 1 1 0 0 1 ; 0 1 1 0 1 1 1 0 0 0 0 1 1 1 0 0 0 1 1 0 1 ; 1 1 0 0 0 0 1 0 0 0 1 0 0 0 0 1 0 1 0 1 0 ; 0 0 0 0 0 0 1 0 0 0 0 0 0 0 0 0 0 1 0 0 0 ; 0 0 0 0 0 0 1 0 0 0 0 0 0 0 0 0 0 0 0 0 1 ; 1 1 0 0 1 0 0 0 0 0 1 0 0 1 0 0 0 1 1 1 0 ; 0 1 0 0 0 0 1 0 0 0 0 0 0 0 0 0 0 0 0 0 1 ; 0 1 0 0 0 0 1 0 0 0 0 0 0 1 0 0 0 1 0 0 0 ; 1 1 0 1 0 0 0 0 0 0 0 0 0 0 0 0 0 1 0 0 0 ; 0 1 0 0 0 1 1 0 0 0 0 1 0 1 0 0 0 0 0 0 1 ; 0 1 0 0 0 0 1 0 0 0 1 0 0 1 0 0 0 0 0 0 1 ; 0 1 1 0 1 0 1 0 0 0 0 0 0 1 1 0 0 1 0 1 0 ; 1 1 1 1 1 0 1 0 0 0 1 0 1 1 0 1 0 1 1 0 1 ; 0 0 0 0 0 0 1 0 0 0 0 1 0 1 0 0 1 0 0 0 0')
C13=np.matrix('0 1 0 0 0 0 0 0 0 0 1 0 0 0 0 0 0 1 0 0 0 ; 0 0 0 0 0 0 1 0 0 0 0 0 0 0 0 0 0 1 0 0 0 ; 0 1 0 0 0 0 0 0 0 0 1 0 0 1 0 0 0 1 0 0 0 ; 0 1 0 0 0 0 0 0 0 0 0 0 0 0 0 0 0 1 0 0 0 ; 0 0 0 0 0 0 0 0 0 0 0 0 0 1 0 0 0 1 0 0 0 ; 0 0 0 0 0 0 1 0 0 0 0 0 0 0 0 0 0 0 0 0 1 ; 0 0 0 0 0 0 0 0 0 0 0 0 0 1 0 0 0 0 0 0 1 ; 0 0 0 0 0 1 1 0 0 0 0 0 0 0 0 0 0 0 0 0 1 ; 0 0 0 0 0 0 1 0 0 0 0 0 0 1 0 0 0 0 0 0 0 ; 0 0 0 0 0 0 1 0 0 0 0 0 0 0 0 0 0 1 0 0 0 ; 0 0 0 0 0 0 1 0 0 0 0 0 0 0 0 0 0 1 0 0 0 ; 0 0 0 0 0 1 0 0 0 0 0 0 0 0 0 0 0 0 0 0 1 ; 1 1 0 0 1 0 0 0 1 0 0 0 0 1 0 0 0 1 0 0 0 ; 0 0 0 0 0 0 1 0 0 0 0 0 0 0 0 0 0 0 0 0 0 ; 0 0 0 0 0 0 0 0 0 0 0 0 0 1 0 0 0 0 0 0 0 ; 0 1 0 0 0 0 0 0 0 0 0 0 0 0 0 0 0 1 0 0 0 ; 0 0 0 0 0 1 1 0 0 0 0 0 0 0 0 0 0 0 0 0 1 ; 1 0 0 0 0 1 0 0 0 0 0 0 0 0 0 0 0 0 0 0 0 ; 0 1 0 0 0 0 0 0 0 0 0 0 0 1 0 0 0 1 0 0 0 ; 0 1 0 0 0 0 0 0 0 0 0 0 0 1 0 0 0 0 0 0 0 ; 0 0 0 0 0 0 1 0 0 0 0 0 0 0 0 0 0 0 0 0 0')
C14=np.matrix('0 1 0 0 1 1 0 0 1 0 0 0 1 1 0 1 0 1 1 0 0 ; 0 0 0 0 0 0 1 0 0 0 0 0 0 1 0 0 0 0 0 0 1 ; 0 1 0 0 1 0 0 0 1 0 0 0 0 1 0 0 0 0 1 0 1 ; 0 0 0 0 0 0 0 0 0 0 0 0 0 0 0 0 0 0 0 0 0 ; 1 1 1 1 0 1 1 1 1 1 1 1 1 1 1 1 1 1 1 1 1 ; 0 1 0 0 0 0 1 0 0 0 0 0 0 1 0 0 0 0 0 0 1 ; 0 1 0 0 0 1 0 0 0 0 0 0 0 1 0 0 0 1 0 0 1 ; 1 1 1 0 0 1 1 0 0 0 1 0 0 1 0 1 0 1 0 0 1 ; 1 1 0 0 1 0 1 0 0 0 0 0 1 1 1 0 0 1 1 1 1 ; 0 0 0 0 0 0 0 0 0 0 0 0 0 1 0 0 0 1 0 0 0 ; 0 0 0 0 0 0 1 0 0 0 0 0 0 1 0 0 0 1 0 0 0 ; 0 1 0 0 0 0 1 0 0 0 0 0 0 1 0 0 0 0 0 0 1 ; 1 0 0 0 1 0 0 0 1 0 0 0 0 1 0 1 0 1 1 0 0 ; 0 1 0 0 0 0 1 0 0 0 0 0 0 0 0 0 0 1 0 0 1 ; 0 1 0 0 0 0 1 0 0 0 0 0 0 1 0 0 0 1 1 1 0 ; 1 0 0 1 0 0 0 1 0 0 0 0 0 1 0 0 0 1 0 0 0 ; 1 1 1 1 1 1 1 1 1 1 1 1 1 1 1 1 0 1 1 1 1 ; 0 1 0 0 0 0 1 0 0 1 0 0 0 1 1 0 0 0 0 0 0 ; 0 0 0 0 0 0 0 0 0 0 0 0 0 1 0 0 0 1 0 1 0 ; 0 0 0 0 1 0 1 0 1 0 0 0 0 1 1 0 0 1 1 0 0 ; 0 1 1 0 0 0 1 0 0 0 0 0 0 1 0 0 0 0 0 0 0')
C15=np.matrix('0 1 0 0 1 1 0 0 1 0 0 0 1 1 0 1 0 1 1 0 0 ; 0 0 0 0 0 0 1 0 0 0 0 0 0 1 0 0 0 0 0 0 1 ; 0 1 0 0 1 0 0 0 1 0 0 0 0 1 0 0 0 0 1 0 1 ; 0 0 0 0 0 0 0 0 0 0 0 0 0 0 0 0 0 0 0 0 0 ; 1 1 1 1 0 1 1 1 1 1 1 1 1 1 1 1 1 1 1 1 1 ; 0 1 0 0 0 0 1 0 0 0 0 0 0 1 0 0 0 0 0 0 1 ; 0 1 0 0 0 1 0 0 0 0 0 0 0 1 0 0 0 1 0 0 1 ; 1 1 1 0 0 1 1 0 0 0 1 0 0 1 0 1 0 1 0 0 1 ; 1 1 0 0 1 0 1 0 0 0 0 0 1 1 1 0 0 1 1 1 1 ; 0 0 0 0 0 0 0 0 0 0 0 0 0 1 0 0 0 1 0 0 0 ; 0 0 0 0 0 0 1 0 0 0 0 0 0 1 0 0 0 1 0 0 0 ; 0 1 0 0 0 0 1 0 0 0 0 0 0 1 0 0 0 0 0 0 1 ; 1 0 0 0 1 0 0 0 1 0 0 0 0 1 0 1 0 1 1 0 0 ; 0 1 0 0 0 0 1 0 0 0 0 0 0 0 0 0 0 1 0 0 1 ; 0 1 0 0 0 0 1 0 0 0 0 0 0 1 0 0 0 1 1 1 0 ; 1 0 0 1 0 0 0 1 0 0 0 0 0 1 0 0 0 1 0 0 0 ; 1 1 1 1 1 1 1 1 1 1 1 1 1 1 1 1 0 1 1 1 1 ; 0 1 0 0 0 0 1 0 0 1 0 0 0 1 1 0 0 0 0 0 0 ; 0 0 0 0 0 0 0 0 0 0 0 0 0 1 0 0 0 1 0 1 0 ; 0 0 0 0 1 0 1 0 1 0 0 0 0 1 1 0 0 1 1 0 0 ; 0 1 1 0 0 0 1 0 0 0 0 0 0 1 0 0 0 0 0 0 0')
C16=np.matrix('0 1 0 0 0 0 0 0 0 0 0 0 0 0 0 0 0 1 0 0 0 ; 0 0 0 0 0 0 1 0 0 0 0 0 0 0 0 0 0 1 0 0 1 ; 0 1 0 0 0 0 0 0 0 0 0 0 0 1 0 0 0 1 0 0 0 ; 0 1 0 0 0 0 0 1 0 0 0 0 0 0 0 0 0 0 0 0 0 ; 0 1 0 0 0 0 0 0 0 0 0 0 0 1 0 0 0 1 0 0 0 ; 0 0 0 0 0 0 1 0 0 0 0 0 0 0 0 0 0 0 0 0 1 ; 0 0 0 0 0 0 0 0 0 0 0 0 0 0 0 0 0 0 0 0 1 ; 0 1 0 0 0 0 0 0 0 0 0 0 0 0 0 0 0 0 0 0 1 ; 0 0 0 0 1 0 0 0 0 0 0 0 0 1 0 0 0 0 1 0 0 ; 0 0 0 0 0 0 0 0 0 0 0 0 0 0 0 0 0 1 0 0 0 ; 0 0 0 0 0 0 1 0 0 0 0 0 0 0 0 0 0 1 0 0 0 ; 0 0 0 0 0 0 1 0 0 0 0 0 0 0 0 0 0 0 0 0 1 ; 0 0 0 0 1 0 0 0 1 0 0 0 0 1 0 0 0 0 1 0 0 ; 0 0 0 0 0 0 1 0 0 0 0 0 0 0 0 0 0 0 0 0 1 ; 0 0 0 0 0 0 1 0 0 0 0 0 0 1 0 0 0 0 0 0 0 ; 1 1 0 0 0 0 0 0 0 1 0 0 0 0 0 0 0 1 0 0 0 ; 0 1 0 0 0 0 0 0 0 0 0 0 0 0 0 0 0 0 0 0 1 ; 0 1 0 0 0 0 1 0 0 0 0 0 0 0 0 0 0 0 0 0 0 ; 0 0 0 0 1 0 0 0 0 0 0 0 0 1 0 0 0 1 0 0 0 ; 0 0 0 0 1 0 0 0 0 0 0 0 0 1 0 0 0 1 0 0 0 ; 0 0 0 0 0 0 1 0 0 0 0 0 0 0 0 0 0 0 0 0 0')
C17=np.matrix('0 1 0 0 0 0 0 0 0 0 0 0 0 0 0 0 0 0 0 0 0 ; 1 0 0 0 0 0 1 0 0 0 0 0 0 0 0 0 0 0 0 0 0 ; 0 0 0 0 0 0 1 0 0 0 0 0 0 1 0 0 0 0 0 0 0 ; 0 1 0 0 0 0 0 0 0 0 0 0 0 0 0 0 0 0 0 0 0 ; 0 0 0 0 0 0 0 0 0 0 0 0 0 1 0 0 0 0 0 0 0 ; 0 0 0 0 0 0 0 0 0 0 0 1 0 0 0 0 0 0 0 0 1 ; 0 1 0 0 0 0 0 0 0 0 0 0 0 1 0 0 0 1 0 0 1 ; 1 1 0 1 0 0 0 0 0 0 0 0 0 0 0 0 0 0 0 0 1 ; 0 0 0 0 0 0 0 0 0 0 0 0 0 1 0 0 0 0 0 0 0 ; 0 0 0 0 0 0 0 0 0 0 0 0 0 0 0 0 0 1 0 0 0 ; 0 0 0 0 0 0 1 0 0 0 0 0 0 0 0 0 0 1 0 0 0 ; 0 0 0 1 0 0 0 0 0 0 0 0 0 0 0 0 1 0 0 0 0 ; 0 0 0 0 0 0 0 0 0 0 0 0 0 1 0 0 0 0 0 0 0 ; 0 1 0 0 0 0 1 0 0 0 0 0 0 0 0 0 0 1 0 0 1 ; 0 1 0 0 0 0 0 0 0 0 0 0 0 1 0 0 0 0 0 0 0 ; 0 1 0 0 0 0 0 0 0 0 0 0 0 0 0 0 0 0 0 0 0 ; 1 1 0 1 0 0 1 0 0 0 0 0 0 0 0 0 0 0 0 0 1 ; 0 1 0 0 0 0 1 0 0 0 0 0 0 0 0 0 0 0 0 0 1 ; 0 0 0 0 0 0 0 0 0 0 0 0 0 1 0 0 0 0 0 0 0 ; 0 0 0 0 0 0 0 0 0 0 0 0 0 1 0 0 0 0 0 0 0 ; 0 1 0 0 0 0 1 0 0 0 0 0 0 0 0 0 0 0 0 0 0')
C18=np.matrix('0 1 0 1 0 0 0 0 0 0 1 0 0 0 0 1 0 1 0 0 0 ; 1 0 1 1 1 1 1 1 1 1 1 1 1 1 0 1 0 1 1 0 1 ; 1 1 0 0 0 0 1 0 0 1 1 0 0 1 0 1 0 1 0 0 0 ; 1 1 0 0 0 0 0 0 0 1 1 0 0 0 0 1 0 1 0 0 1 ; 0 0 0 0 0 0 0 0 0 0 1 0 0 1 0 0 0 1 0 0 0 ; 0 1 0 0 0 0 1 0 0 0 0 0 0 0 0 0 0 0 0 0 1 ; 0 1 0 0 0 0 0 0 0 0 1 1 0 1 0 0 0 1 0 1 1 ; 0 1 0 1 0 0 1 0 0 1 1 0 0 0 0 0 0 1 0 0 1 ; 0 1 0 0 0 0 0 0 0 0 0 0 0 1 0 0 0 1 0 0 0 ; 0 0 1 0 0 0 0 0 0 0 1 0 0 0 0 1 0 1 0 0 0 ; 1 1 0 0 0 0 0 0 0 1 0 0 0 1 0 0 0 1 0 0 0 ; 0 0 0 0 0 1 0 0 0 0 0 0 0 0 0 0 0 0 0 0 1 ; 0 0 0 0 1 0 1 0 1 1 1 0 0 1 0 0 0 1 1 1 0 ; 0 1 0 0 1 0 1 0 1 1 1 0 0 0 1 0 0 1 1 1 1 ; 0 1 0 0 0 0 0 0 0 0 0 0 0 1 0 0 0 1 1 1 0 ; 1 1 0 0 0 0 0 0 0 1 0 0 0 0 0 0 0 1 0 0 0 ; 0 0 0 0 0 0 1 0 0 0 0 0 0 0 0 0 0 0 0 0 1 ; 1 1 1 1 1 0 1 1 1 1 1 0 1 1 1 1 0 0 1 1 1 ; 0 1 1 0 1 0 0 0 1 1 1 0 1 1 0 0 0 1 0 0 0 ; 0 1 0 0 1 0 0 0 1 1 1 0 0 1 1 0 0 1 1 0 1 ; 0 1 0 0 0 1 1 0 0 0 0 1 0 1 0 0 0 1 0 0 0')
C19=np.matrix('0 1 0 1 0 0 1 1 0 0 0 0 0 0 0 1 0 1 0 0 0 ; 0 0 1 0 0 0 1 0 0 0 0 0 0 1 0 0 0 1 0 0 0 ; 0 1 0 0 0 0 1 0 0 0 0 0 0 1 0 0 0 1 0 0 0 ; 1 1 0 0 0 0 0 0 0 0 0 0 0 0 0 1 0 0 0 0 0 ; 0 1 0 0 0 0 1 0 0 0 1 0 0 1 0 0 0 1 1 1 0 ; 0 0 0 0 0 0 1 0 0 0 0 1 0 0 0 0 1 0 0 0 1 ; 0 1 1 0 0 0 0 0 0 0 1 0 0 1 0 0 0 0 0 0 1 ; 1 1 0 0 0 0 0 0 0 0 0 0 0 0 0 0 0 1 0 0 0 ; 0 0 0 0 1 0 0 0 0 0 0 0 0 1 1 0 0 0 1 1 0 ; 0 0 0 0 0 0 0 0 0 0 1 0 0 0 0 0 0 1 0 0 0 ; 0 1 0 0 0 0 1 0 0 0 0 0 0 1 0 0 0 0 0 0 0 ; 0 0 0 0 0 1 0 0 0 0 0 0 0 0 0 0 1 0 0 0 1 ; 0 1 0 0 1 0 1 0 1 0 1 0 0 1 0 0 0 1 1 1 0 ; 0 1 1 0 0 0 1 0 0 0 1 0 0 0 0 0 0 1 0 0 0 ; 0 1 0 0 0 0 0 0 0 0 1 0 0 1 0 0 0 1 1 1 0 ; 1 1 0 0 0 0 0 0 0 0 0 0 0 0 0 0 0 1 0 0 0 ; 0 1 0 0 0 1 1 0 0 0 0 1 0 0 0 0 0 0 0 0 1 ; 1 1 1 0 0 0 1 0 0 1 1 0 0 1 0 0 0 0 0 0 0 ; 1 1 1 0 1 0 1 0 0 1 1 0 0 1 1 0 0 1 0 1 0 ; 0 1 0 0 0 0 1 0 0 1 1 0 0 1 0 0 0 1 0 0 0 ; 0 1 0 0 0 1 1 0 0 0 0 0 0 1 0 0 0 0 0 0 0')
C20=np.matrix('0 1 0 0 0 0 0 0 0 0 0 0 0 0 0 0 0 0 0 0 0 ; 0 0 0 0 0 0 1 0 0 0 0 0 0 1 0 0 0 1 0 0 0 ; 0 1 0 0 0 0 0 0 0 0 1 0 0 1 0 0 0 1 0 0 0 ; 0 1 0 0 0 0 0 0 0 0 0 0 0 0 0 0 0 0 0 0 1 ; 0 0 0 0 0 0 0 0 0 0 0 0 0 1 0 0 0 1 0 1 0 ; 0 0 0 0 0 0 1 0 0 0 0 0 0 0 0 0 0 0 0 0 1 ; 0 0 0 0 0 1 0 0 0 0 1 0 0 1 0 0 0 0 0 1 0 ; 0 1 0 0 0 0 0 0 0 0 0 0 0 0 0 0 0 1 0 0 1 ; 0 0 0 0 0 0 0 0 0 0 0 0 0 1 0 0 0 0 0 1 0 ; 0 0 0 0 0 0 0 0 0 0 0 0 0 0 0 0 0 1 0 1 0 ; 0 1 0 0 0 0 1 0 0 0 0 0 0 0 0 0 0 1 0 1 0 ; 0 0 0 0 0 0 0 0 0 0 0 0 0 0 0 0 0 0 0 0 1 ; 0 0 0 0 0 0 0 0 0 0 0 0 0 1 0 0 0 1 0 1 0 ; 0 0 1 0 1 0 1 0 1 0 0 0 1 0 0 0 0 1 1 1 1 ; 0 0 0 0 0 0 0 0 0 0 0 0 0 1 0 0 0 1 0 1 0 ; 0 1 0 0 0 0 0 0 0 0 0 0 0 0 0 0 0 0 0 0 0 ; 1 0 1 0 0 1 1 0 0 0 0 1 0 0 0 0 0 1 0 1 1 ; 0 1 0 0 0 0 1 1 0 0 1 0 0 1 0 1 0 0 0 1 1 ; 0 0 0 0 0 0 0 0 0 0 1 0 0 1 0 0 0 1 0 1 0 ; 1 1 0 0 0 1 0 1 0 0 1 1 0 1 1 1 1 1 0 0 1 ; 0 1 0 1 0 0 1 0 0 0 0 1 0 1 0 0 1 0 0 1 0')
C21=np.matrix('0 1 1 1 0 0 0 1 0 0 1 0 0 0 0 0 0 1 0 0 1 ; 0 0 1 1 0 0 1 1 0 0 1 0 0 1 0 1 0 1 0 0 1 ; 1 1 0 1 0 0 0 0 0 1 1 0 0 1 0 0 0 1 0 1 1 ; 1 1 0 0 0 1 0 1 0 0 0 1 0 0 0 0 0 1 0 0 1 ; 0 1 0 0 0 0 0 0 0 0 0 0 0 1 0 0 0 1 0 1 1 ; 0 1 0 1 0 0 0 1 0 0 0 1 0 0 0 0 1 0 0 0 1 ; 0 1 1 0 0 0 0 0 0 0 1 0 0 1 0 0 1 1 0 0 1 ; 0 1 1 1 0 1 0 0 0 1 1 1 0 0 0 1 1 1 0 0 1 ; 1 1 1 0 1 1 0 1 0 0 1 1 0 1 0 1 1 1 1 0 1 ; 0 1 0 1 0 0 1 1 0 0 1 0 0 0 0 0 0 1 0 0 0 ; 1 1 1 1 0 0 1 1 0 0 0 0 0 0 0 0 0 1 0 0 1 ; 0 1 0 1 0 1 0 1 0 0 0 0 0 0 0 0 1 0 0 0 1 ; 0 1 1 0 1 0 0 0 1 0 0 0 0 1 0 0 0 1 1 1 0 ; 0 1 1 0 1 0 1 1 1 0 1 1 0 0 1 0 1 1 1 1 1 ; 0 1 0 0 1 0 0 0 1 0 0 0 0 1 0 0 0 1 1 1 1 ; 1 1 1 1 0 1 0 1 0 1 1 0 0 0 0 0 1 1 0 1 1 ; 0 1 0 0 0 1 1 1 0 0 0 1 0 1 0 0 0 0 0 0 1 ; 1 1 1 1 0 1 1 1 0 1 1 0 0 1 0 0 1 0 0 1 1 ; 0 1 1 0 1 0 0 0 0 0 1 0 0 1 1 0 1 1 0 1 1 ; 1 1 1 1 1 1 1 1 1 1 1 1 1 1 1 1 1 1 1 0 1 ; 0 1 1 1 0 1 1 1 0 0 0 1 0 1 0 0 1 1 0 1 0')
CSS.append(C1)
CSS.append(C2)
CSS.append(C3)
CSS.append(C4)
CSS.append(C5)
CSS.append(C6)
CSS.append(C7)
CSS.append(C8)
CSS.append(C9)
CSS.append(C10)
CSS.append(C11)
CSS.append(C12)
CSS.append(C13)
CSS.append(C14)
CSS.append(C15)
CSS.append(C16)
CSS.append(C17)
CSS.append(C18)
CSS.append(C19)
CSS.append(C20)
CSS.append(C21)

num=21

#def culo():
#    G=nx.fast_gnp_random_graph(num,0.2)
#    G=nx.to_numpy_matrix(G)
#    return(G)

#for x in range(num):
#    CSS.append(culo())



R=[]
i=0
while ( i <= (num-1)):
    R.append(i)
    i = i + 1


AN = np.zeros((num, num)) 
for n in R:
    for m in R:
            CN=CSS[n]
            if (CSS[n])[n,m] == (CSS[m])[n,m]:
                if (CSS[n])[n,m] == 1:
                     AN[n,m]=1

G=nx.from_numpy_matrix(AN)

D=[]
for n in R:
    D.append(CSS[n]-AN)

BigDick=sum(D)
DD=[]
DD1=[]
d=[]

for n in R:
    DD.append(((BigDick[n,]-(D[n])[n,]).sum())/num)
    DD1.append((abs(BigDick[n,]-(D[n])[n,]).sum())/num)
    d.append((n,(DD[n]-DD1[n])))
dl=dict(d)

c=nx.betweenness_centrality(G)
